crossing time (s)	slope (V/s)	crossing number
281474976710655.000000	121.334618	1522	0.000000
281474976710655.000000	119.847351	1523	0.000000
281474976710655.000000	119.741127	1524	0.000000
281474976710655.000000	Inf	1525	0.000000
281474976710655.000000	90.251160	1526	0.000000
281474976710655.000000	92.967346	1527	0.000000
281474976710655.000000	90.948166	1528	0.000000
281474976710655.000000	38.508865	1529	0.000000
281474976710655.000000	83.177429	1530	0.000000
281474976710655.000000	79.804550	1531	0.000000
281474976710655.000000	75.047150	1532	0.000000
281474976710655.000000	67.600327	1533	0.000000
281474976710655.000000	105.558739	1534	0.000000
281474976710655.000000	61.874268	1535	0.000000
281474976710655.000000	59.838757	1536	0.000000
281474976710655.000000	53.376671	1537	0.000000
281474976710655.000000	52.901447	1538	0.000000
281474976710655.000000	33.496208	1539	0.000000
281474976710655.000000	36.339138	1540	0.000000
281474976710655.000000	53.712803	1541	0.000000
281474976710655.000000	38.957275	1542	0.000000
281474976710655.000000	39.536594	1543	0.000000
281474976710655.000000	32.887611	1544	0.000000
281474976710655.000000	41.642761	1545	0.000000
281474976710655.000000	36.585819	1546	0.000000
281474976710655.000000	38.007896	1547	0.000000
281474976710655.000000	33.834133	1548	0.000000
281474976710655.000000	28.827822	1549	0.000000
281474976710655.000000	30.192694	1550	0.000000
281474976710655.000000	27.025682	1551	0.000000
281474976710655.000000	25.022085	1552	0.000000
281474976710655.000000	21.439999	1553	0.000000
281474976710655.000000	21.915571	1554	0.000000
281474976710655.000000	21.825367	1555	0.000000
281474976710655.000000	20.211580	1556	0.000000
281474976710655.000000	18.432261	1557	0.000000
281474976710655.000000	17.688551	1558	0.000000
281474976710655.000000	17.853041	1559	0.000000
281474976710655.000000	16.177589	1560	0.000000
281474976710655.000000	15.192650	1561	0.000000
281474976710655.000000	14.064154	1562	0.000000
281474976710655.000000	13.539875	1563	0.000000
281474976710655.000000	12.342619	1564	0.000000
281474976710655.000000	11.536011	1565	0.000000
281474976710655.000000	10.302439	1566	0.000000
281474976710655.000000	10.376210	1567	0.000000
281474976710655.000000	9.643185	1568	0.000000
281474976710655.000000	9.198435	1569	0.000000
281474976710655.000000	8.781170	1570	0.000000
281474976710655.000000	8.418685	1571	0.000000
281474976710655.000000	7.319952	1572	0.000000
281474976710655.000000	7.226506	1573	0.000000
281474976710655.000000	6.427266	1574	0.000000
281474976710655.000000	6.310645	1575	0.000000
281474976710655.000000	5.669824	1576	0.000000
281474976710655.000000	5.641753	1577	0.000000
281474976710655.000000	4.852372	1578	0.000000
281474976710655.000000	4.868047	1579	0.000000
281474976710655.000000	4.584920	1580	0.000000
281474976710655.000000	4.398497	1581	0.000000
281474976710655.000000	4.170301	1582	0.000000
281474976710655.000000	3.613514	1583	0.000000
281474976710655.000000	3.763262	1584	0.000000
281474976710655.000000	3.424260	1585	0.000000
281474976710655.000000	3.234579	1586	0.000000
281474976710655.000000	3.102353	1587	0.000000
281474976710655.000000	2.751136	1588	0.000000
281474976710655.000000	2.843932	1589	0.000000
281474976710655.000000	2.377393	1590	0.000000
281474976710655.000000	2.223646	1591	0.000000
281474976710655.000000	1.764859	1592	0.000000
281474976710655.000000	1.435344	1593	0.000000
