crossing time (s)	slope (V/s)	crossing number
281474976710655.000000	71.906189	100	0.000000
281474976710655.000000	49.876942	101	0.000000
281474976710655.000000	37.244770	102	0.000000
281474976710655.000000	17.653498	103	0.000000
281474976710655.000000	11.435185	104	0.000000
281474976710655.000000	7.405313	105	0.000000
281474976710655.000000	5.420138	106	0.000000
281474976710655.000000	2.635866	107	0.000000
281474976710655.000000	2.063434	108	0.000000
281474976710655.000000	0.880932	109	0.000000
