crossing time (s)	slope (V/s)	crossing number
281474976710655.000000	85.949936	2519	0.000000
281474976710655.000000	Inf	2520	0.000000
281474976710655.000000	87.643143	2521	0.000000
281474976710655.000000	82.160110	2522	0.000000
281474976710655.000000	80.784653	2523	0.000000
281474976710655.000000	77.787537	2524	0.000000
281474976710655.000000	171.855804	2525	0.000000
281474976710655.000000	91.203064	2526	0.000000
281474976710655.000000	90.048927	2527	0.000000
281474976710655.000000	90.375107	2528	0.000000
281474976710655.000000	82.539986	2529	0.000000
281474976710655.000000	72.100716	2530	0.000000
281474976710655.000000	35.591045	2531	0.000000
281474976710655.000000	83.856316	2532	0.000000
281474976710655.000000	66.382118	2533	0.000000
281474976710655.000000	61.276302	2534	0.000000
281474976710655.000000	59.914989	2535	0.000000
281474976710655.000000	68.705299	2536	0.000000
281474976710655.000000	68.818398	2537	0.000000
281474976710655.000000	57.644310	2538	0.000000
281474976710655.000000	58.339622	2539	0.000000
281474976710655.000000	41.859364	2540	0.000000
281474976710655.000000	42.935143	2541	0.000000
281474976710655.000000	37.490417	2542	0.000000
281474976710655.000000	50.353237	2543	0.000000
281474976710655.000000	50.862583	2544	0.000000
281474976710655.000000	51.474667	2545	0.000000
281474976710655.000000	51.842075	2546	0.000000
281474976710655.000000	36.539951	2547	0.000000
281474976710655.000000	45.128895	2548	0.000000
281474976710655.000000	46.651451	2549	0.000000
281474976710655.000000	35.667362	2550	0.000000
281474976710655.000000	40.407379	2551	0.000000
281474976710655.000000	36.274216	2552	0.000000
281474976710655.000000	43.462334	2553	0.000000
281474976710655.000000	40.816734	2554	0.000000
281474976710655.000000	36.065533	2555	0.000000
281474976710655.000000	42.321758	2556	0.000000
281474976710655.000000	30.234547	2557	0.000000
281474976710655.000000	29.164949	2558	0.000000
281474976710655.000000	32.204613	2559	0.000000
281474976710655.000000	28.899382	2560	0.000000
281474976710655.000000	33.567360	2561	0.000000
281474976710655.000000	27.561390	2562	0.000000
281474976710655.000000	27.520170	2563	0.000000
281474976710655.000000	30.081335	2564	0.000000
281474976710655.000000	31.014887	2565	0.000000
281474976710655.000000	27.867769	2566	0.000000
281474976710655.000000	29.847977	2567	0.000000
281474976710655.000000	28.596725	2568	0.000000
281474976710655.000000	25.440430	2569	0.000000
281474976710655.000000	23.514101	2570	0.000000
281474976710655.000000	24.670662	2571	0.000000
281474976710655.000000	22.674313	2572	0.000000
281474976710655.000000	21.725130	2573	0.000000
281474976710655.000000	22.534689	2574	0.000000
281474976710655.000000	19.948553	2575	0.000000
281474976710655.000000	20.714052	2576	0.000000
281474976710655.000000	19.081026	2577	0.000000
281474976710655.000000	19.711561	2578	0.000000
281474976710655.000000	19.000528	2579	0.000000
281474976710655.000000	17.999960	2580	0.000000
281474976710655.000000	17.562719	2581	0.000000
281474976710655.000000	17.423653	2582	0.000000
281474976710655.000000	16.483646	2583	0.000000
281474976710655.000000	15.916586	2584	0.000000
281474976710655.000000	15.989477	2585	0.000000
281474976710655.000000	14.623588	2586	0.000000
281474976710655.000000	14.792792	2587	0.000000
281474976710655.000000	14.346058	2588	0.000000
281474976710655.000000	13.724751	2589	0.000000
281474976710655.000000	13.813926	2590	0.000000
281474976710655.000000	13.249572	2591	0.000000
281474976710655.000000	12.126301	2592	0.000000
281474976710655.000000	12.230062	2593	0.000000
281474976710655.000000	11.798016	2594	0.000000
281474976710655.000000	11.290908	2595	0.000000
281474976710655.000000	11.448907	2596	0.000000
281474976710655.000000	10.752219	2597	0.000000
281474976710655.000000	10.376232	2598	0.000000
281474976710655.000000	10.394754	2599	0.000000
281474976710655.000000	9.916468	2600	0.000000
281474976710655.000000	9.864743	2601	0.000000
281474976710655.000000	9.405711	2602	0.000000
281474976710655.000000	9.137605	2603	0.000000
281474976710655.000000	8.604885	2604	0.000000
281474976710655.000000	8.671350	2605	0.000000
281474976710655.000000	8.225901	2606	0.000000
281474976710655.000000	7.937729	2607	0.000000
281474976710655.000000	7.837290	2608	0.000000
281474976710655.000000	7.459029	2609	0.000000
281474976710655.000000	7.372698	2610	0.000000
281474976710655.000000	6.948709	2611	0.000000
281474976710655.000000	6.971285	2612	0.000000
281474976710655.000000	6.621635	2613	0.000000
281474976710655.000000	6.557453	2614	0.000000
281474976710655.000000	6.356571	2615	0.000000
281474976710655.000000	6.163643	2616	0.000000
281474976710655.000000	5.986097	2617	0.000000
281474976710655.000000	5.608283	2618	0.000000
281474976710655.000000	5.709220	2619	0.000000
281474976710655.000000	5.361242	2620	0.000000
281474976710655.000000	5.288824	2621	0.000000
281474976710655.000000	5.082114	2622	0.000000
