num crossings	time (s)	maj axis (mm)	min axis (mm)	theta (rad )	slope (V/s)
295	1098.009159	80.713080	-0.487901	5.768649	28.280623
297	1100.091632	71.776095	1.907494	-0.513735	169.988216
299	1102.177641	56.484684	1.740340	-0.522313	93.184784
301	1104.259318	43.488685	1.509195	-0.536443	55.643845
303	1106.342264	33.045761	1.250774	-0.544170	35.033849
305	1108.428549	24.858025	1.045169	-0.537622	19.591064
307	1110.516312	18.691112	0.895194	-0.523214	10.650667
309	1112.612875	14.038374	0.722188	-0.500651	6.152409
311	1114.692581	7.959237	0.673143	-0.458836	3.245426
